1
1 0 3 409 159
2 0 5 469 159
2 0 6 499 159
1 1 1 364 184
2 1 2 394 184
1 1 4 454 184
1 1 9 604 184
2 2 3 439 209
2 2 6 529 209
1 3 1 394 234
2 3 3 454 234
1 4 1 409 259
1 4 5 529 259
1 4 6 559 259
1 5 3 484 284
2 5 5 544 284
2 7 7 634 334
2 8 2 499 359
2 8 3 529 359
1 9 2 514 384
-1 -1 -1 -1 -1
2 8 4
2 8 3
-1 -1 -1
1 9 3
-1 -1 -1
2 6 5
2 5 6
-1 -1 -1
1 9 3
-1 -1 -1
1 3 2
1 4 2
-1 -1 -1
2 1 3
-1 -1 -1
1 1 3
-1 -1 -1
2 1 5
2 1 6
-1 -1 -1
1 1 2
-1 -1 -1
2 2 4
2 3 4
-1 -1 -1
1 1 5
-1 -1 -1
1 4 6
1 4 7
-1 -1 -1
2 2 7
-1 -1 -1
2 7 8
-1 -1 -1
1 1 10
-1 -1 -1
1 5 4
-1 -1 -1
